11111001
00000111
11111011
00000000
00000111
11111100
00000110
11111111
11111101
00000110
00000111
11111010
00000100
00000111
00000001
11111111
11111011
11111011
00000000
00000001
11111001
11111101
11111001
11111011
00000111
00000001
00000011
00000110
00000111
11111100
00000101
00000110
00000001
00000000
00000000
11111111
11111011
00000000
11111101
11111011
00000010
00000000
00000110
00000110
00000100
11111111
11111001
11111001
00000111
00000000
00000101
00000000
11111010
00000011
11111111
11111010
11111011
00000110
00000000
00000001
00000111
00000011
11111010
11111100
