11111001
11111001
11111001
11111001
11111001
11111101
11111101
11111101
11111100
11111100
11111100
11111010
11111010
11111010
11111010
11111011
11111011
11111011
11111011
11111011
11111011
11111011
11111111
11111111
11111111
11111111
11111111
00000111
00000111
00000111
00000111
00000111
00000111
00000111
00000111
00000110
00000110
00000110
00000110
00000110
00000110
00000110
00000100
00000100
00000000
00000000
00000000
00000000
00000000
00000000
00000000
00000000
00000000
00000001
00000001
00000001
00000001
00000001
00000101
00000101
00000011
00000011
00000011
00000010
