11111110
11111101
11111101
00000010
11111111
00000011
00000010
00000011
00000011
11111110
11111101
00000010
00000010
00000011
11111101
00000010
00000010
00000010
00000011
11111111
11111101
00000010
11111110
00000011
11111111
11111110
00000010
00000011
11111111
00000000
00000000
11111110
00000001
00000010
00000000
00000000
11111101
11111111
11111111
00000000
11111111
00000000
11111110
11111111
11111111
00000000
11111110
00000011
11111110
11111101
11111101
00000001
00000010
00000010
00000001
11111110
00000001
00000010
11111111
11111110
11111111
11111111
00000000
00000000
00000010
00000011
00000011
11111110
00000000
00000011
00000010
00000000
00000000
11111110
11111110
00000011
11111111
11111101
00000000
00000010
00000000
00000001
00000000
00000000
11111101
11111111
00000000
00000000
00000000
00000001
00000010
00000010
11111101
00000001
11111110
00000000
00000010
00000000
11111111
11111111
00000011
00000000
11111101
11111101
11111111
11111110
00000011
11111110
11111110
00000001
00000000
00000000
00000000
00000001
11111101
11111101
00000001
00000010
11111110
11111101
00000000
00000011
11111101
00000001
00000000
00000000
00000010
11111110
00000010
00000010
11111110
00000001
11111110
11111101
00000001
00000001
11111101
11111110
00000010
00000000
00000011
00000010
00000010
11111101
00000000
00000010
00000010
11111101
00000000
11111101
11111101
00000011
11111111
00000000
00000010
11111101
11111110
00000001
00000000
00000001
00000000
11111101
00000010
00000011
00000011
11111111
00000000
11111110
11111110
11111101
00000010
00000010
00000010
00000010
11111111
11111110
00000011
00000001
11111110
11111101
00000001
11111101
00000000
11111101
00000000
00000011
00000011
11111110
00000000
11111101
00000000
00000000
00000010
11111101
00000001
00000011
11111111
11111111
00000011
11111111
00000000
11111111
00000000
00000011
11111111
00000001
11111101
00000001
00000010
11111110
11111101
00000000
11111111
11111110
11111110
00000000
00000000
00000010
11111101
11111110
11111101
00000011
00000010
00000000
11111111
00000000
00000000
11111110
00000000
11111110
11111101
00000000
00000000
00000011
11111110
11111101
00000000
11111101
00000001
00000011
11111110
00000001
11111111
00000011
00000000
00000000
11111111
00000000
11111110
00000010
00000001
00000011
11111111
00000011
00000010
00000010
