00000001
00000001
00000001
00000001
00000001
00000001
00000001
00000001
00000000
00000000
00000000
00000000
00000000
00000000
00000000
00000000
00000000
00000000
00000000
00000000
00000000
00000000
00000000
00000000
00000000
00000000
00000000
00000000
00000000
00000000
00000000
00000000
00000000
00000100
00000100
00000100
00000100
00000100
00000100
00000100
00000100
00000101
00000101
00000101
00000011
00000011
00000011
00000011
00000011
00000011
00000011
00000011
00000011
00000011
00000011
00000011
00000011
00000011
00000010
00000010
00000010
00000010
00000010
00000010
00000010
00000010
00000010
00000010
00000010
00000010
00000010
00000010
00000010
00000010
00000010
11111110
11111110
11111110
11111110
11111110
11111110
11111110
11111110
11111110
11111110
11111111
11111111
11111111
11111111
11111111
11111111
11111111
11111111
11111111
11111111
11111111
11111101
11111101
11111101
11111101
11111101
11111101
11111101
11111101
11111101
11111101
11111101
11111101
11111101
11111100
11111100
11111100
11111100
11111100
11111100
11111100
11111100
11111011
11111011
11111011
11111011
11111011
11111011
11111011
11111011
11111011
11111011
11111011
