00000000
00000000
11111100
11111111
11111100
11110110
00000100
11111010
00000011
00001100
00000000
00000000
00000000
00000000
00000000
00000000
00000000
00000000
00000001
00000000
00000011
00011110
11111111
11111000
11111010
11101111
00000011
00001010
00000000
00000001
11111101
00000000
00000000
00000000
00000001
11111111
11111111
11101100
00001101
00000110
00000010
00000100
00000011
11110011
00000000
00000000
00000000
00000000
00000000
00000000
11111111
00000000
00000000
00000001
11101100
11111011
00000001
00000010
00000100
00001010
11111110
00000100
11110110
00000010
00000000
00000000
00000001
00000000
00000001
11111011
00001010
00000000
11111000
11111110
11111101
11110000
00000000
00000000
00000000
00000000
00000000
00000000
11111001
11111111
11111110
00000000
00000000
00010000
00000011
00010100
00000000
11110001
00000101
00001011
11111010
11111111
00000010
00000010
00000000
00011100
00001000
00001111
00010110
11100111
11110101
11110010
00000010
11110011
00000000
00000000
00000000
00000000
00000000
00000000
00000000
11111011
11111111
00000101
00000001
00001111
00000001
00010000
00000000
00000111
00000011
00000101
11110010
11111001
11111111
11111101
11111011
11111000
00011000
00010101
00011000
00101111
00101100
11111000
11111011
11100011
00000000
00000000
00000000
00000000
00000000
00000000
00000101
00000000
00000000
11111100
11110110
11101110
00000110
00101111
11111011
00101001
00001100
00000101
11110000
00010100
00000000
11111011
11111100
11110011
00000010
00000101
00001100
11101100
11011111
00001001
11111010
11011111
00000001
00000000
00000000
00000000
00000000
00000000
00001110
00000111
00000010
00000000
00000000
11111101
11111111
00110001
11111001
00001111
11101110
00001001
11111011
00100100
00000000
00001000
00000111
00000111
11110100
11111101
11110111
11010101
00000001
00001101
00000000
11111001
00000000
00000000
00000000
00000000
00000000
00000000
00000000
11111110
11111101
00000001
00000110
11111001
11111011
00011001
11111110
11110110
00000001
00000010
00000001
00000101
11111110
11111110
11111010
11111001
11101111
11111110
11111111
00111011
00101110
00001101
11111100
11101110
00000000
00000000
00000000
00000000
00000000
00000000
00001001
00000001
00000101
00000000
00000101
00000100
00010011
00100001
00000000
00100111
00010011
11110110
00000000
11101100
00000000
11110111
11101101
11111011
11111110
00000001
00010010
11101101
11010100
00000001
11110001
11101100
00000000
00000000
00000000
00000000
00000000
00000000
00010111
00001011
00001011
11111111
00000111
11111011
00001110
00001011
00000110
00101010
11101011
11111100
11111100
11011111
00000000
00000010
00000001
11111100
11111100
11101101
11101111
11111001
11111110
00001110
00000011
00000111
00000000
00000000
00000000
00000000
00000000
00000000
11111111
00000001
00000001
00100100
11110011
11111001
00000000
11111111
00001000
00000000
00000000
11111111
00001111
00000010
00000000
00000001
00000010
00000000
00000011
11010111
11100100
00001100
00001010
11110101
00000001
00000111
00000000
00000000
00000000
00000000
00000000
00000000
11111010
00000000
11111111
00000101
11101010
11110110
00000011
11110111
00000000
11111000
11111100
11111101
00010010
00000011
00000000
00000011
00000000
00000001
00000000
11110011
11101010
11111110
11110011
11110101
11111111
00000110
00000000
00000000
00000000
00000000
00000000
00000000
11110101
11111111
11111010
00000010
11111000
00011101
11111111
11110110
11110100
00000000
00000101
11111111
00010010
00000001
00000001
00000010
00000100
00111011
00010001
00100000
11111001
11001100
11111000
11010100
00000100
00000101
00000000
00000000
00000000
00000000
00000000
00000000
00000000
00000000
11111111
00000000
11111011
00010010
00000000
11110101
00000011
11111110
00000011
00000010
00000011
11110100
11111110
11111001
11110011
11101111
00101111
00101010
11100100
01010110
01000101
11010000
11110000
00000100
00000000
00000000
00000000
00000000
00000000
00000000
00001100
00000011
00000111
11111101
11111011
11011100
00001001
11101011
11110111
11110000
00100001
11111100
00001001
00100001
00000000
11110111
11110000
11100011
00000110
00001010
11011100
11011110
11000110
11101111
11110011
00000011
00000001
00000000
00000000
00000000
00000000
00000000
00010111
00001011
00000010
00000011
11111100
11111100
11111101
11100111
11101111
11110111
11011001
00000000
00010000
00111110
00000000
00001010
00001100
00001111
11101011
11111001
11101010
10111101
00000000
00001111
00001000
00001000
00000000
00000000
00000000
00000000
00000000
00000000
00000000
00000010
11111100
11111101
11111001
11111000
11111000
11110011
00000011
11111111
00000011
00000110
00010000
00001010
11111110
11111100
11110011
11110001
11011010
11111010
11011110
01011110
01000011
00001010
11110110
00000101
00000000
00000000
00000000
00000000
00000000
00000000
00010110
00000100
00001101
00000000
00000001
00000000
00011011
11101011
00000101
11110100
00101001
11111000
00010101
11011010
00000000
11110100
11100000
11111010
11111100
11111111
11101011
11100010
11000010
11111001
11101011
00000011
00000000
00000000
00000000
00000000
00000000
00000000
00100101
00001111
00010000
11111110
11111101
11110111
00011011
11101010
00001100
11110111
11010011
00000100
00001011
11000011
11111111
00000000
00000000
00000000
11111111
11111101
11111010
11111111
00000011
00000111
11111101
11111001
00000000
00000000
00000000
00000000
00000000
00000000
00000000
11111111
00000001
00010001
00001100
11111011
00000000
00010000
11110111
11110111
11111111
11111010
00000001
00000010
11111111
00000001
00000001
00000000
00000000
11111001
00010001
11111111
00000000
00000100
00000100
00000110
00000000
00000000
00000000
00000000
00000000
00000000
11111111
11111110
00000000
11111011
11110111
00000000
00000000
00000101
11110110
11111101
11111111
11111011
11110111
11111111
00000000
00000100
11111110
00000000
00000001
11111111
00010100
00000010
00000000
00000000
00000101
00000111
00000000
00000000
00000000
00000000
00000000
00000000
11111110
11111000
11111110
11111110
00001000
00000110
00000000
11110110
11101001
00001111
00000001
11111001
11110001
11111111
00000000
00000011
00000000
00001110
00000010
00000110
00011100
11110100
11111001
11110111
00000000
00000101
00000000
00000000
00000000
00000000
00000000
00000000
00000000
11111101
11111111
11110111
00000011
00001010
00000001
00000000
11111111
11111110
00000010
11111001
11110001
11111100
11111111
11111111
11111101
11111100
00001011
00001001
00101100
00011000
00011001
00000000
00000000
00011011
00000000
00000000
00000000
00000000
00000000
00000000
00000001
00000001
11111111
11111011
11111000
11110110
00000001
11110011
11111010
11100111
00000101
11110000
11101011
00001001
00000000
11111110
11111101
11111001
00000000
00000001
00011100
11110101
11101011
00000111
00000000
00011100
00000001
00000000
00000000
00000000
00000000
00000000
00000110
00000011
00000001
00000000
00000000
00000001
11111110
11101111
11110001
11111001
11111100
11110010
11101101
00010001
11111111
00001001
00000001
00000011
11111101
11111111
00000111
11101111
00000000
00001001
00000000
00000001
00000000
00000000
00000000
00000000
00000000
00000000
00000001
00000000
00000000
00000001
00000000
11111010
11111001
11110000
11111001
00001010
00000000
11111110
11111101
00000011
11111110
11111101
11111101
11111101
11110110
11111111
00001011
00011011
00011001
00001101
00000001
00010001
00000000
00000000
00000000
00000000
00000000
00000000
00000100
00000010
00000000
00000110
00000001
00001000
00001011
11110011
00000000
11101000
00000101
11101111
11111100
11110101
11111111
11110110
11111010
11111111
00000000
00000001
00001100
11110110
11101000
11111110
11110110
00001111
00000000
00000000
00000000
00000000
00000000
00000000
00001000
00000110
00001001
11111110
00000010
11111010
00001000
00000111
00000001
11100010
11111001
11111001
11110101
11110010
