00000000
11111100
11111010
00000000
11111100
00001010
11111111
00000001
00000011
00000000
11111101
11111010
11110110
00011110
00000000
00000000
00000000
00000000
00000011
00000000
11111111
11111000
00000100
00000000
00000011
00000000
00000000
00001100
00000001
00000000
11101111
00000000
00000000
11111111
00000110
11111110
00000001
00001010
11111111
11111111
00000010
00000000
11110110
00000001
11101100
00000001
00000000
00000000
00000000
00000000
00000000
11110011
11101100
11111011
00001101
00000000
00000100
00000010
00000011
00000100
00000100
00000000
00000010
00000000
00000000
00000001
00000000
00000101
00000001
11110001
00000000
11111001
11111000
00000000
11111010
00000011
11111011
00000000
00000000
00000000
00000000
00000000
11111110
11110000
00000000
00010000
00001010
00000000
00000000
11111111
11111101
11111110
00001011
00000000
00010100
11111111
00000010
00001000
11100111
00000011
00000000
00000111
00011100
00000000
11110101
00000000
11110010
00000001
00001111
00000101
00000000
00000000
00000000
00000000
11111111
11110011
00000001
00001111
00010110
00000000
00000000
11111001
00000010
11110010
00000101
00000010
00010000
11111011
11111111
00011000
00101111
00001100
11111011
00101001
11111000
00000101
00101100
00000000
11110000
00000110
00010101
11111100
00000000
00000000
00000000
00000000
00000000
11100011
11110110
11101110
00011000
00000000
11111011
00010100
11111011
11111000
00000101
11111101
00101111
00000000
00000000
00000010
11101100
11101110
11111100
00001111
11110011
00001110
11011111
00000000
11111011
11111111
00000101
00000000
00000000
00000000
00000001
00000000
00000010
11011111
00000000
11111101
00001100
00000000
11111001
00100100
11111010
00001001
00001001
11111011
00110001
00000111
00000000
11110100
11010101
00000001
00000111
11110110
00000111
00000000
00000001
00000000
00000001
11111011
11111101
00000001
00000000
00000000
00000000
00000000
11111101
11111001
00000110
11111001
11110111
00000000
11111110
00000101
00000000
00001101
00000010
00001000
00011001
11111110
11111110
11101111
00111011
00010011
11111010
00100111
11111001
00001001
00101110
00000000
00000000
00010011
11111110
00000000
00000000
00000000
00000000
00000000
00000101
11101110
00000101
00000100
11111111
00000000
00000000
11101100
11111100
00001101
11110110
11111110
00100001
00000001
00000000
11111110
11101101
11101011
11101101
00101010
11111011
00010111
11010100
00000000
11111100
00001110
00000001
11111111
00000000
00000000
00000000
00000000
00001011
11101100
00000111
11111011
00010010
00000000
00000110
11011111
11110001
00000001
11111100
11110111
00001011
00001011
00000000
11111100
11111001
00000000
00000001
00000000
11111100
11111111
11111110
00000000
00001111
00000000
11101101
00100100
00000000
00000000
00000000
00000000
00000001
00000111
11110011
11111001
11101111
00000000
00001000
00000010
00000011
00001110
11111111
00000010
11111111
00000001
00000000
00000011
00001100
11111100
00000010
11111000
00000000
11111010
00001010
00000000
00010010
00000011
11010111
00000101
00000000
00000000
00000000
00000000
11111111
00000111
11101010
11110110
11100100
00000000
00000000
00000011
00000001
11110101
11111101
00000001
11110111
00000000
00000000
00000000
11111110
00000101
00000000
00000000
00000001
11110101
11110011
00000000
00010010
11111111
11110011
00000010
00000000
00000000
00000000
00000000
11111010
00000110
11111000
00011101
11101010
00000000
11110100
00000001
11111111
11110101
11111111
00000011
11110110
11111111
00000001
00010001
11001100
00000011
00000100
11111110
00111011
00000000
11111000
00000000
00000011
00000000
00100000
00000000
00000000
00000000
00000000
00000000
11111111
00000101
11111011
00010010
11111001
00000000
00000011
11110100
00000100
11010100
00000010
00000010
11110101
00000000
11111110
00101111
01010110
00100001
11110011
11110000
11101111
00001100
01000101
00000000
00001001
00001001
00101010
11111101
00000000
00000000
00000000
00000000
00000111
00000100
11111011
11011100
11100100
00000000
11110111
00100001
11110000
11010000
11111100
11111001
11101011
00000011
00000000
00000110
11011110
11011001
11110000
11110111
11100011
00010111
11000110
00000000
00010000
11111101
00001010
00000011
00000000
00000000
00000001
00000000
00000010
00000011
11111100
11111100
11011100
00000000
11101111
00111110
11110011
11101111
00000000
11110111
11100111
00001011
00000000
11101011
10111101
00000011
00001100
11111111
00001111
00000000
00000000
00000000
00010000
11111000
11111001
11111101
00000000
00000000
00000000
00000000
11111100
00001000
11111001
11111000
11101010
00000000
00000011
00001010
00001000
00001111
00000110
00001010
11110011
00000010
11111110
11011010
01011110
00101001
11110011
11110100
11110001
00010110
01000011
00000000
00010101
00011011
11111010
00000000
00000000
00000000
00000000
00000000
00001101
00000101
00000001
00000000
11011110
00000000
00000101
11011010
11110110
00001010
11111000
11111100
11101011
00000100
00000000
11111100
11100010
11010011
11100000
11110111
11111010
00100101
11000010
00000000
00001011
00011011
11111111
11111110
00000000
00000000
00000000
00000000
00010000
00000011
11111101
11110111
11101011
00000000
00001100
11000011
11101011
11111001
00000100
11110100
11101010
00001111
11111111
11111111
11111111
11111111
00000000
11110111
00000000
00000000
00000011
00000000
00000001
00000000
11111101
00010001
00000000
00000000
00000000
00000000
00000001
11111001
00001100
11111011
11111010
00000000
11110111
00000010
11111101
00000111
11111010
00000000
00010000
11111111
11111111
00000000
11111111
11111111
00000001
11111101
00000000
11111111
00000000
00000000
11110111
00000000
11111001
11111011
00000000
00000000
00000000
00000000
00000000
00000110
11110111
00000000
00010001
00000000
11110110
11111111
00000100
00000100
11111011
00000001
00000101
11111110
00000000
00000001
00000010
00000001
11111110
00001111
00000000
11111110
00000000
00000000
11110001
00000000
11111111
11111110
00000000
00000000
00000000
00000000
11111110
00000111
00001000
00000110
00010100
00000000
11101001
11111111
00000101
00000000
11111001
00000100
11110110
11111000
00000000
00000010
11110100
00000010
00000000
11111110
00001110
00000000
11111001
00000000
11110001
00000001
00000110
11110111
00000000
00000000
00000000
00000000
11111111
00000101
00000011
00001010
00011100
00000000
11111111
11111100
00000000
11110111
11111001
00000011
00000000
11111101
11111111
00001011
00011000
00000101
11111101
11100111
11111100
00000001
00011001
00000000
11101011
00000001
00001001
11111011
00000000
00000000
00000000
00000000
11111111
00011011
11111000
11110110
00101100
00000000
11111010
00001001
00000000
00000000
11110000
11111111
11110011
00000001
00000000
00000000
11110101
11111100
11111101
11111001
11111001
00000110
11101011
00000000
11101101
11111110
00000001
00000000
00000000
00000000
00000001
00000000
00000001
00011100
00000000
00000001
00011100
00000000
11110001
00010001
00000000
00000111
11110010
11111110
11101111
00000011
11111111
11111101
11101111
00000000
00000001
00001010
00000011
00000001
00000000
00000000
11111101
11111001
11111111
00000001
00000000
00000000
00000000
00000000
00000000
00000001
00000000
11111010
00000111
00000000
11111001
00000011
00000000
00001001
11111110
00001001
11110000
00000000
11111110
11110110
00011011
00000101
11111101
11101000
11111101
00000100
00011001
00000000
11111100
00001011
11111111
00000110
00000000
00000000
00000000
00000000
00000000
00010001
00000001
00001000
00001011
00000000
00000000
11110101
00000001
00001101
11101111
11111101
11110011
00000010
11111111
00000000
11110110
11111001
11111010
11100010
11111111
00001000
11101000
00000000
11110101
00001000
00000001
11111110
00000000
00000000
00000000
00000000
00001001
00001111
00000010
11111010
00001100
00000000
00000001
11110010
11110110
11111110
11111001
11110110
00000111
00000110
